"Lewis","Roosevelt","Party Voting","Median Rental","Homeownership","Unemployment","Mobility","Education"
1,0.84,0.62,-0.53,0.03,0.57,-0.33,-0.63
0.84,1,0.84,-0.68,-0.05,0.76,-0.35,-0.73
0.62,0.84,1,-0.76,0.08,0.81,-0.51,-0.81
-0.53,-0.68,-0.76,1,-0.25,-0.8,0.62,0.88
0.03,-0.05,0.08,-0.25,1,0.25,-0.72,-0.36
0.57,0.76,0.81,-0.8,0.25,1,-0.58,-0.84
-0.33,-0.35,-0.51,0.62,-0.72,-0.58,1,0.68
-0.63,-0.73,-0.81,0.88,-0.36,-0.84,0.68,1
